  1948         2016
 1948    0.114    0.115    0.115    0.119    0.123    0.126    0.129    0.132    0.134    0.134    0.136    0.137
 1949    0.137    0.135    0.133    0.130    0.128    0.126    0.123    0.120    0.116    0.112    0.109    0.107
 1950    0.105    0.103    0.101    0.098    0.097    0.096    0.096    0.097    0.098    0.100    0.102    0.103
 1951    0.103    0.101    0.100    0.099    0.099    0.096    0.096    0.097    0.097    0.097    0.096    0.097
 1952    0.097    0.097    0.098    0.098    0.098    0.099    0.101    0.104    0.107    0.108    0.110    0.110
 1953    0.110    0.112    0.115    0.118    0.120    0.122    0.123    0.124    0.126    0.128    0.129    0.130
 1954    0.130    0.130    0.129    0.128    0.128    0.127    0.127    0.127    0.127    0.127    0.127    0.127
 1955    0.127    0.128    0.129    0.131    0.134    0.137    0.140    0.143    0.145    0.147    0.150    0.151
 1956    0.150    0.150    0.151    0.153    0.153    0.152    0.150    0.146    0.144    0.142    0.141    0.141
 1957    0.141    0.141    0.140    0.139    0.138    0.136    0.133    0.129    0.126    0.123    0.121    0.120
 1958    0.119    0.118    0.117    0.117    0.114    0.111    0.108    0.105    0.101    0.098    0.096    0.094
 1959    0.091    0.089    0.089    0.087    0.087    0.087    0.085    0.083    0.081    0.079    0.078    0.077
 1960    0.076    0.074    0.073    0.072    0.070    0.068    0.065    0.061    0.057    0.054    0.049    0.045
 1961    0.042    0.041    0.040    0.040    0.040    0.040    0.041    0.042    0.043    0.043    0.044    0.045
 1962    0.046    0.047    0.048    0.048    0.047    0.046    0.044    0.042    0.040    0.037    0.034    0.032
 1963    0.029    0.027    0.024    0.020    0.016    0.012    0.008    0.005    0.003   -0.000   -0.002   -0.005
 1964   -0.007   -0.007   -0.006   -0.005   -0.005   -0.005   -0.003   -0.004   -0.005   -0.008   -0.009   -0.010
 1965   -0.011   -0.013   -0.015   -0.015   -0.016   -0.020   -0.025   -0.028   -0.032   -0.035   -0.040   -0.044
 1966   -0.047   -0.050   -0.053   -0.058   -0.062   -0.067   -0.070   -0.073   -0.077   -0.079   -0.081   -0.084
 1967   -0.088   -0.093   -0.098   -0.102   -0.106   -0.110   -0.113   -0.116   -0.118   -0.120   -0.123   -0.126
 1968   -0.131   -0.136   -0.140   -0.143   -0.145   -0.146   -0.147   -0.147   -0.148   -0.148   -0.149   -0.150
 1969   -0.152   -0.154   -0.157   -0.162   -0.165   -0.169   -0.173   -0.176   -0.178   -0.181   -0.182   -0.183
 1970   -0.185   -0.186   -0.187   -0.189   -0.191   -0.193   -0.194   -0.194   -0.195   -0.196   -0.197   -0.197
 1971   -0.200   -0.203   -0.207   -0.210   -0.214   -0.218   -0.221   -0.222   -0.223   -0.225   -0.229   -0.232
 1972   -0.236   -0.240   -0.242   -0.243   -0.245   -0.244   -0.243   -0.242   -0.242   -0.243   -0.244   -0.244
 1973   -0.243   -0.242   -0.242   -0.242   -0.242   -0.244   -0.244   -0.244   -0.244   -0.244   -0.244   -0.245
 1974   -0.245   -0.246   -0.249   -0.252   -0.255   -0.255   -0.256   -0.258   -0.258   -0.257   -0.257   -0.256
 1975   -0.256   -0.256   -0.257   -0.257   -0.256   -0.255   -0.253   -0.251   -0.250   -0.249   -0.249   -0.249
 1976   -0.249   -0.248   -0.246   -0.244   -0.241   -0.239   -0.237   -0.235   -0.231   -0.230   -0.229   -0.227
 1977   -0.225   -0.223   -0.220   -0.218   -0.217   -0.214   -0.212   -0.212   -0.211   -0.211   -0.212   -0.213
 1978   -0.213   -0.210   -0.206   -0.203   -0.201   -0.200   -0.199   -0.199   -0.200   -0.200   -0.200   -0.198
 1979   -0.197   -0.195   -0.194   -0.192   -0.189   -0.187   -0.185   -0.183   -0.181   -0.179   -0.179   -0.178
 1980   -0.177   -0.178   -0.178   -0.179   -0.179   -0.176   -0.175   -0.175   -0.176   -0.175   -0.174   -0.174
 1981   -0.174   -0.173   -0.172   -0.170   -0.169   -0.167   -0.165   -0.164   -0.165   -0.166   -0.166   -0.166
 1982   -0.165   -0.163   -0.161   -0.159   -0.156   -0.153   -0.150   -0.147   -0.144   -0.142   -0.140   -0.139
 1983   -0.137   -0.137   -0.136   -0.134   -0.131   -0.128   -0.125   -0.122   -0.121   -0.121   -0.121   -0.121
 1984   -0.121   -0.121   -0.122   -0.122   -0.121   -0.120   -0.118   -0.116   -0.116   -0.116   -0.116   -0.117
 1985   -0.119   -0.120   -0.121   -0.121   -0.121   -0.123   -0.124   -0.124   -0.123   -0.122   -0.122   -0.120
 1986   -0.120   -0.119   -0.118   -0.120   -0.120   -0.120   -0.121   -0.121   -0.120   -0.122   -0.123   -0.124
 1987   -0.125   -0.125   -0.125   -0.126   -0.127   -0.126   -0.127   -0.128   -0.129   -0.129   -0.128   -0.127
 1988   -0.126   -0.125   -0.126   -0.129   -0.130   -0.132   -0.133   -0.135   -0.135   -0.136   -0.137   -0.138
 1989   -0.140   -0.142   -0.144   -0.144   -0.145   -0.145   -0.144   -0.144   -0.144   -0.142   -0.140   -0.137
 1990   -0.135   -0.133   -0.130   -0.126   -0.121   -0.115   -0.111   -0.109   -0.106   -0.103   -0.100   -0.097
 1991   -0.095   -0.092   -0.090   -0.088   -0.086   -0.085   -0.084   -0.082   -0.080   -0.079   -0.078   -0.076
 1992   -0.074   -0.072   -0.070   -0.070   -0.070   -0.070   -0.071   -0.074   -0.075   -0.075   -0.075   -0.074
 1993   -0.073   -0.070   -0.067   -0.064   -0.062   -0.059   -0.056   -0.053   -0.049   -0.045   -0.041   -0.038
 1994   -0.036   -0.034   -0.032   -0.030   -0.026   -0.023   -0.022   -0.021   -0.021   -0.020   -0.019   -0.018
 1995   -0.017   -0.015   -0.013   -0.011   -0.009   -0.009   -0.008   -0.007   -0.007   -0.008   -0.009   -0.010
 1996   -0.011   -0.009   -0.008   -0.008   -0.007   -0.004   -0.002    0.000    0.004    0.006    0.010    0.013
 1997    0.017    0.020    0.022    0.023    0.024    0.025    0.025    0.028    0.032    0.036    0.038    0.041
 1998    0.044    0.046    0.048    0.051    0.054    0.057    0.061    0.066    0.072    0.077    0.081    0.085
 1999    0.089    0.093    0.097    0.101    0.102    0.105    0.109    0.114    0.118    0.121    0.123    0.125
 2000    0.127    0.128    0.131    0.133    0.135    0.135    0.136    0.137    0.139    0.141    0.141    0.142
 2001    0.142    0.143    0.144    0.146    0.149    0.152    0.156    0.160    0.163    0.166    0.170    0.172
 2002    0.175    0.178    0.179    0.180    0.181    0.182    0.183    0.183    0.183    0.184    0.184    0.185
 2003    0.184    0.184    0.183    0.180    0.179    0.178    0.176    0.173    0.171    0.168    0.165    0.163
 2004    0.160    0.158    0.156    0.155    0.154    0.154    0.154    0.154    0.152    0.151    0.152    0.153
 2005    0.153    0.155    0.158    0.161    0.164    0.167    0.171    0.175    0.178    0.179    0.182    0.184
 2006    0.186    0.188    0.189    0.189    0.191    0.192    0.191    0.192    0.191    0.190    0.187    0.185
 2007    0.183    0.181    0.180    0.180    0.181    0.184    0.188    0.192    0.195    0.197    0.197    0.198
 2008    0.200    0.200    0.201    0.202    0.202    0.201    0.201    0.200    0.199    0.198    0.196    0.194
 2009    0.192    0.190    0.187    0.185    0.184    0.185    0.185    0.186    0.186    0.187    0.185    0.184
 2010    0.182    0.181    0.179    0.176    0.174    0.172    0.170    0.168    0.167    0.166    0.166    0.167
 2011    0.167  -99.990  -99.990  -99.990  -99.990  -99.990  -99.990  -99.990  -99.990  -99.990  -99.990  -99.990
 2012  -99.990  -99.990  -99.990  -99.990  -99.990  -99.990  -99.990  -99.990  -99.990  -99.990  -99.990  -99.990
 2013  -99.990  -99.990  -99.990  -99.990  -99.990  -99.990  -99.990  -99.990  -99.990  -99.990  -99.990  -99.990
 2014  -99.990  -99.990  -99.990  -99.990  -99.990  -99.990  -99.990  -99.990  -99.990  -99.990  -99.990  -99.990
 2015  -99.990  -99.990  -99.990  -99.990  -99.990  -99.990  -99.990  -99.990  -99.990  -99.990  -99.990  -99.990
 2016  -99.990  -99.990  -99.990  -99.990  -99.990  -99.990  -99.990  -99.990  -99.990  -99.990  -99.990  -99.990
  -99.99
  AMO smoothed/detrended from the Kaplan SST V2
  Calculated at NOAA/ESRL/PSD1
  http://www.esrl.noaa.gov/psd/data/timeseries/AMO/
