  1948         2015
 1948    0.115    0.116    0.116    0.120    0.124    0.127    0.131    0.133    0.135    0.135    0.137    0.138
 1949    0.138    0.136    0.134    0.131    0.129    0.127    0.124    0.121    0.117    0.114    0.110    0.108
 1950    0.106    0.104    0.102    0.100    0.098    0.097    0.097    0.098    0.099    0.101    0.103    0.104
 1951    0.104    0.103    0.101    0.101    0.100    0.097    0.097    0.098    0.098    0.098    0.098    0.098
 1952    0.098    0.099    0.099    0.100    0.099    0.101    0.102    0.105    0.108    0.110    0.111    0.111
 1953    0.111    0.113    0.116    0.119    0.121    0.123    0.124    0.126    0.127    0.129    0.131    0.131
 1954    0.132    0.131    0.130    0.129    0.129    0.128    0.128    0.128    0.128    0.128    0.128    0.128
 1955    0.128    0.129    0.130    0.132    0.136    0.139    0.141    0.144    0.146    0.148    0.151    0.152
 1956    0.152    0.151    0.153    0.154    0.155    0.153    0.151    0.148    0.145    0.143    0.142    0.142
 1957    0.142    0.142    0.142    0.140    0.139    0.137    0.134    0.130    0.127    0.124    0.122    0.121
 1958    0.120    0.119    0.119    0.118    0.115    0.112    0.109    0.106    0.102    0.099    0.097    0.095
 1959    0.092    0.090    0.090    0.088    0.088    0.088    0.086    0.084    0.083    0.080    0.079    0.079
 1960    0.077    0.075    0.074    0.073    0.072    0.069    0.066    0.062    0.059    0.055    0.050    0.046
 1961    0.043    0.042    0.041    0.041    0.041    0.041    0.043    0.043    0.044    0.045    0.045    0.047
 1962    0.047    0.048    0.049    0.049    0.048    0.047    0.045    0.044    0.041    0.038    0.035    0.033
 1963    0.031    0.029    0.025    0.021    0.017    0.013    0.010    0.007    0.004    0.001   -0.001   -0.003
 1964   -0.006   -0.006   -0.005   -0.003   -0.003   -0.003   -0.002   -0.002   -0.003   -0.006   -0.008   -0.009
 1965   -0.010   -0.012   -0.013   -0.014   -0.015   -0.019   -0.023   -0.027   -0.030   -0.034   -0.038   -0.042
 1966   -0.045   -0.048   -0.051   -0.056   -0.061   -0.065   -0.068   -0.072   -0.075   -0.077   -0.079   -0.082
 1967   -0.087   -0.091   -0.096   -0.100   -0.105   -0.109   -0.111   -0.114   -0.116   -0.119   -0.122   -0.125
 1968   -0.130   -0.134   -0.138   -0.142   -0.144   -0.144   -0.145   -0.146   -0.146   -0.146   -0.147   -0.149
 1969   -0.151   -0.152   -0.156   -0.160   -0.163   -0.167   -0.172   -0.174   -0.177   -0.179   -0.180   -0.182
 1970   -0.183   -0.184   -0.185   -0.187   -0.190   -0.191   -0.193   -0.193   -0.194   -0.195   -0.195   -0.196
 1971   -0.198   -0.201   -0.205   -0.208   -0.213   -0.217   -0.219   -0.220   -0.221   -0.224   -0.227   -0.231
 1972   -0.235   -0.238   -0.240   -0.242   -0.243   -0.242   -0.241   -0.240   -0.241   -0.242   -0.242   -0.242
 1973   -0.241   -0.241   -0.240   -0.240   -0.240   -0.242   -0.242   -0.242   -0.242   -0.242   -0.242   -0.243
 1974   -0.244   -0.244   -0.247   -0.251   -0.253   -0.253   -0.254   -0.256   -0.256   -0.256   -0.255   -0.254
 1975   -0.254   -0.255   -0.255   -0.255   -0.254   -0.253   -0.251   -0.249   -0.248   -0.247   -0.247   -0.247
 1976   -0.247   -0.247   -0.244   -0.242   -0.239   -0.237   -0.235   -0.233   -0.229   -0.228   -0.227   -0.225
 1977   -0.223   -0.221   -0.218   -0.216   -0.215   -0.213   -0.210   -0.210   -0.209   -0.210   -0.211   -0.211
 1978   -0.211   -0.208   -0.204   -0.201   -0.199   -0.198   -0.197   -0.197   -0.198   -0.198   -0.198   -0.196
 1979   -0.195   -0.193   -0.192   -0.190   -0.187   -0.185   -0.184   -0.181   -0.179   -0.177   -0.177   -0.176
 1980   -0.176   -0.176   -0.176   -0.177   -0.177   -0.174   -0.173   -0.173   -0.174   -0.173   -0.172   -0.172
 1981   -0.172   -0.171   -0.170   -0.169   -0.167   -0.165   -0.163   -0.163   -0.163   -0.164   -0.165   -0.164
 1982   -0.163   -0.161   -0.159   -0.157   -0.154   -0.151   -0.148   -0.145   -0.142   -0.140   -0.138   -0.137
 1983   -0.135   -0.135   -0.134   -0.132   -0.129   -0.126   -0.123   -0.120   -0.119   -0.119   -0.119   -0.119
 1984   -0.119   -0.119   -0.120   -0.120   -0.119   -0.118   -0.116   -0.114   -0.114   -0.114   -0.114   -0.115
 1985   -0.117   -0.118   -0.119   -0.119   -0.119   -0.121   -0.122   -0.122   -0.121   -0.120   -0.120   -0.118
 1986   -0.118   -0.117   -0.116   -0.118   -0.118   -0.118   -0.119   -0.119   -0.118   -0.120   -0.121   -0.122
 1987   -0.123   -0.123   -0.123   -0.124   -0.125   -0.124   -0.125   -0.126   -0.126   -0.126   -0.126   -0.125
 1988   -0.124   -0.123   -0.124   -0.126   -0.128   -0.129   -0.131   -0.133   -0.133   -0.133   -0.134   -0.136
 1989   -0.138   -0.140   -0.141   -0.142   -0.143   -0.143   -0.142   -0.142   -0.142   -0.140   -0.138   -0.135
 1990   -0.133   -0.130   -0.128   -0.124   -0.119   -0.113   -0.109   -0.106   -0.104   -0.101   -0.098   -0.095
 1991   -0.092   -0.090   -0.088   -0.086   -0.084   -0.083   -0.082   -0.080   -0.077   -0.077   -0.076   -0.074
 1992   -0.071   -0.069   -0.068   -0.067   -0.067   -0.068   -0.069   -0.071   -0.073   -0.073   -0.073   -0.072
 1993   -0.071   -0.068   -0.065   -0.062   -0.059   -0.057   -0.054   -0.051   -0.047   -0.043   -0.039   -0.036
 1994   -0.034   -0.032   -0.030   -0.027   -0.024   -0.021   -0.020   -0.019   -0.018   -0.017   -0.017   -0.016
 1995   -0.015   -0.013   -0.011   -0.009   -0.007   -0.007   -0.006   -0.005   -0.004   -0.006   -0.007   -0.008
 1996   -0.009   -0.007   -0.006   -0.006   -0.005   -0.002    0.000    0.003    0.006    0.008    0.012    0.016
 1997    0.019    0.022    0.024    0.025    0.026    0.027    0.028    0.030    0.034    0.038    0.041    0.044
 1998    0.046    0.048    0.051    0.053    0.056    0.059    0.063    0.069    0.074    0.079    0.083    0.087
 1999    0.092    0.096    0.100    0.103    0.105    0.108    0.112    0.116    0.120    0.123    0.126    0.127
 2000    0.129    0.131    0.133    0.136    0.137    0.138    0.139    0.140    0.142    0.143    0.143    0.144
 2001    0.145    0.146    0.146    0.148    0.151    0.154    0.158    0.163    0.166    0.168    0.172    0.175
 2002    0.178    0.180    0.182    0.183    0.184    0.184    0.185    0.185    0.186    0.186    0.187    0.187
 2003    0.186    0.186    0.185    0.183    0.182    0.181    0.179    0.176    0.173    0.171    0.168    0.165
 2004    0.162    0.161    0.159    0.157    0.156    0.156    0.156    0.156    0.154    0.154    0.154    0.155
 2005    0.156    0.158    0.161    0.163    0.167    0.170    0.173    0.177    0.180    0.182    0.184    0.186
 2006    0.189    0.191    0.191    0.192    0.193    0.195    0.194    0.194    0.194    0.192    0.189    0.188
 2007    0.186    0.184    0.183    0.182    0.184    0.186    0.191    0.195    0.198    0.200    0.200    0.201
 2008    0.202    0.203    0.204    0.204    0.205    0.204    0.204    0.203    0.202    0.201    0.198    0.197
 2009    0.194    0.192    0.190    0.188    0.187    0.187    0.188    0.189    0.189    0.189    0.188    0.186
 2010    0.185    0.184    0.182    0.179    0.177    0.175    0.173    0.171  -99.990  -99.990  -99.990  -99.990
 2011  -99.990  -99.990  -99.990  -99.990  -99.990  -99.990  -99.990  -99.990  -99.990  -99.990  -99.990  -99.990
 2012  -99.990  -99.990  -99.990  -99.990  -99.990  -99.990  -99.990  -99.990  -99.990  -99.990  -99.990  -99.990
 2013  -99.990  -99.990  -99.990  -99.990  -99.990  -99.990  -99.990  -99.990  -99.990  -99.990  -99.990  -99.990
 2014  -99.990  -99.990  -99.990  -99.990  -99.990  -99.990  -99.990  -99.990  -99.990  -99.990  -99.990  -99.990
 2015  -99.990  -99.990  -99.990  -99.990  -99.990  -99.990  -99.990  -99.990  -99.990  -99.990  -99.990  -99.990
  -99.99
  AMO smoothed/detrended from the Kaplan SST V2
  Calculated at NOAA/ESRL/PSD1
  http://www.esrl.noaa.gov/psd/data/timeseries/AMO/
