  1948         2016
 1948    0.113    0.113    0.114    0.117    0.121    0.125    0.128    0.130    0.132    0.133    0.134    0.135
 1949    0.135    0.134    0.132    0.128    0.126    0.125    0.122    0.118    0.115    0.111    0.108    0.105
 1950    0.104    0.102    0.099    0.097    0.095    0.094    0.095    0.096    0.097    0.098    0.101    0.101
 1951    0.102    0.100    0.099    0.098    0.097    0.094    0.094    0.095    0.096    0.096    0.095    0.096
 1952    0.095    0.096    0.097    0.097    0.097    0.098    0.100    0.103    0.105    0.107    0.108    0.109
 1953    0.109    0.110    0.113    0.116    0.118    0.120    0.121    0.123    0.125    0.126    0.128    0.129
 1954    0.129    0.129    0.127    0.127    0.126    0.126    0.125    0.125    0.125    0.125    0.125    0.125
 1955    0.126    0.126    0.127    0.129    0.133    0.136    0.138    0.142    0.143    0.146    0.148    0.149
 1956    0.149    0.148    0.150    0.151    0.152    0.151    0.148    0.145    0.142    0.141    0.139    0.139
 1957    0.139    0.139    0.139    0.138    0.136    0.134    0.131    0.127    0.124    0.121    0.119    0.118
 1958    0.117    0.116    0.116    0.115    0.112    0.109    0.106    0.103    0.099    0.096    0.094    0.092
 1959    0.089    0.087    0.087    0.085    0.085    0.085    0.083    0.081    0.080    0.077    0.076    0.076
 1960    0.074    0.072    0.071    0.070    0.068    0.066    0.063    0.059    0.056    0.052    0.047    0.043
 1961    0.040    0.039    0.038    0.038    0.038    0.038    0.040    0.040    0.041    0.042    0.042    0.043
 1962    0.044    0.045    0.046    0.046    0.045    0.044    0.042    0.040    0.038    0.035    0.032    0.030
 1963    0.027    0.025    0.022    0.018    0.014    0.010    0.006    0.003    0.001   -0.002   -0.004   -0.007
 1964   -0.009   -0.009   -0.008   -0.007   -0.007   -0.007   -0.005   -0.006   -0.007   -0.009   -0.011   -0.012
 1965   -0.013   -0.015   -0.017   -0.017   -0.018   -0.022   -0.027   -0.030   -0.034   -0.037   -0.042   -0.046
 1966   -0.049   -0.052   -0.055   -0.059   -0.064   -0.069   -0.072   -0.075   -0.079   -0.081   -0.083   -0.086
 1967   -0.090   -0.095   -0.100   -0.104   -0.108   -0.112   -0.115   -0.118   -0.120   -0.122   -0.125   -0.128
 1968   -0.133   -0.138   -0.142   -0.145   -0.147   -0.148   -0.149   -0.149   -0.150   -0.150   -0.151   -0.153
 1969   -0.154   -0.156   -0.160   -0.164   -0.167   -0.171   -0.175   -0.178   -0.180   -0.183   -0.184   -0.186
 1970   -0.187   -0.188   -0.189   -0.191   -0.194   -0.195   -0.196   -0.196   -0.197   -0.198   -0.199   -0.200
 1971   -0.202   -0.205   -0.209   -0.212   -0.217   -0.221   -0.223   -0.224   -0.225   -0.227   -0.231   -0.235
 1972   -0.238   -0.242   -0.244   -0.246   -0.247   -0.246   -0.245   -0.244   -0.245   -0.246   -0.246   -0.246
 1973   -0.245   -0.245   -0.244   -0.244   -0.244   -0.246   -0.246   -0.246   -0.246   -0.246   -0.246   -0.247
 1974   -0.248   -0.248   -0.251   -0.255   -0.257   -0.257   -0.258   -0.260   -0.260   -0.260   -0.259   -0.258
 1975   -0.258   -0.259   -0.259   -0.259   -0.258   -0.257   -0.255   -0.253   -0.252   -0.252   -0.251   -0.252
 1976   -0.251   -0.251   -0.248   -0.246   -0.243   -0.241   -0.239   -0.237   -0.234   -0.232   -0.231   -0.229
 1977   -0.227   -0.225   -0.223   -0.220   -0.219   -0.217   -0.215   -0.214   -0.213   -0.214   -0.215   -0.216
 1978   -0.215   -0.213   -0.209   -0.205   -0.203   -0.202   -0.201   -0.201   -0.202   -0.203   -0.202   -0.200
 1979   -0.199   -0.197   -0.196   -0.194   -0.191   -0.189   -0.188   -0.185   -0.183   -0.182   -0.181   -0.180
 1980   -0.180   -0.180   -0.180   -0.181   -0.181   -0.179   -0.178   -0.178   -0.178   -0.177   -0.177   -0.177
 1981   -0.177   -0.176   -0.174   -0.173   -0.171   -0.169   -0.167   -0.167   -0.167   -0.168   -0.169   -0.169
 1982   -0.167   -0.166   -0.163   -0.161   -0.159   -0.156   -0.153   -0.149   -0.146   -0.144   -0.143   -0.141
 1983   -0.140   -0.140   -0.139   -0.137   -0.134   -0.131   -0.127   -0.125   -0.124   -0.124   -0.123   -0.124
 1984   -0.124   -0.123   -0.124   -0.125   -0.124   -0.122   -0.120   -0.119   -0.118   -0.119   -0.119   -0.120
 1985   -0.122   -0.123   -0.124   -0.123   -0.124   -0.125   -0.127   -0.126   -0.125   -0.124   -0.124   -0.123
 1986   -0.123   -0.122   -0.121   -0.122   -0.123   -0.123   -0.124   -0.124   -0.123   -0.125   -0.126   -0.126
 1987   -0.128   -0.128   -0.128   -0.129   -0.129   -0.129   -0.129   -0.131   -0.131   -0.131   -0.131   -0.130
 1988   -0.129   -0.128   -0.129   -0.131   -0.133   -0.134   -0.136   -0.138   -0.138   -0.138   -0.139   -0.141
 1989   -0.143   -0.145   -0.146   -0.147   -0.147   -0.148   -0.147   -0.147   -0.146   -0.145   -0.143   -0.140
 1990   -0.138   -0.135   -0.133   -0.129   -0.123   -0.118   -0.114   -0.111   -0.109   -0.106   -0.103   -0.100
 1991   -0.097   -0.095   -0.093   -0.091   -0.089   -0.088   -0.087   -0.085   -0.082   -0.082   -0.081   -0.079
 1992   -0.076   -0.075   -0.073   -0.072   -0.072   -0.073   -0.074   -0.076   -0.078   -0.078   -0.078   -0.077
 1993   -0.076   -0.073   -0.070   -0.067   -0.065   -0.062   -0.059   -0.056   -0.052   -0.048   -0.044   -0.041
 1994   -0.039   -0.037   -0.035   -0.033   -0.029   -0.026   -0.025   -0.024   -0.024   -0.023   -0.022   -0.021
 1995   -0.020   -0.018   -0.016   -0.014   -0.012   -0.012   -0.011   -0.010   -0.010   -0.011   -0.012   -0.013
 1996   -0.014   -0.013   -0.011   -0.011   -0.010   -0.007   -0.005   -0.003    0.001    0.003    0.007    0.010
 1997    0.014    0.017    0.019    0.020    0.021    0.022    0.022    0.025    0.029    0.033    0.035    0.038
 1998    0.041    0.043    0.045    0.048    0.051    0.054    0.057    0.063    0.069    0.074    0.078    0.082
 1999    0.086    0.090    0.094    0.097    0.099    0.102    0.106    0.111    0.114    0.118    0.120    0.122
 2000    0.123    0.125    0.128    0.130    0.132    0.132    0.133    0.134    0.136    0.137    0.138    0.139
 2001    0.139    0.140    0.141    0.143    0.145    0.149    0.153    0.157    0.160    0.163    0.166    0.169
 2002    0.172    0.175    0.176    0.177    0.178    0.178    0.179    0.179    0.180    0.181    0.181    0.181
 2003    0.180    0.180    0.179    0.177    0.176    0.175    0.173    0.170    0.168    0.165    0.162    0.159
 2004    0.157    0.155    0.153    0.151    0.151    0.150    0.151    0.150    0.148    0.148    0.149    0.150
 2005    0.150    0.152    0.155    0.157    0.161    0.164    0.168    0.171    0.174    0.176    0.178    0.181
 2006    0.183    0.185    0.185    0.186    0.187    0.189    0.188    0.188    0.188    0.186    0.183    0.182
 2007    0.180    0.178    0.177    0.176    0.178    0.180    0.185    0.189    0.191    0.194    0.194    0.195
 2008    0.196    0.197    0.198    0.198    0.198    0.198    0.197    0.197    0.195    0.195    0.192    0.191
 2009    0.188    0.186    0.184    0.182    0.181    0.181    0.182    0.183    0.183    0.183    0.182    0.180
 2010    0.179    0.178    0.176    0.173    0.171    0.168    0.167    0.165    0.163    0.163    0.162    0.163
 2011    0.163    0.163    0.164    0.165    0.167    0.167    0.168  -99.990  -99.990  -99.990  -99.990  -99.990
 2012  -99.990  -99.990  -99.990  -99.990  -99.990  -99.990  -99.990  -99.990  -99.990  -99.990  -99.990  -99.990
 2013  -99.990  -99.990  -99.990  -99.990  -99.990  -99.990  -99.990  -99.990  -99.990  -99.990  -99.990  -99.990
 2014  -99.990  -99.990  -99.990  -99.990  -99.990  -99.990  -99.990  -99.990  -99.990  -99.990  -99.990  -99.990
 2015  -99.990  -99.990  -99.990  -99.990  -99.990  -99.990  -99.990  -99.990  -99.990  -99.990  -99.990  -99.990
 2016  -99.990  -99.990  -99.990  -99.990  -99.990  -99.990  -99.990  -99.990  -99.990  -99.990  -99.990  -99.990
  -99.99
  AMO smoothed/detrended from the Kaplan SST V2
  Calculated at NOAA/ESRL/PSD1
  http://www.esrl.noaa.gov/psd/data/timeseries/AMO/
